0000000000001001
0000000000010001
0000000000000000
0000000000000000
0000000000010000
0000000000000100
0000000000000000
0000000000000000
1111000010000001
1111000010000010
1111000010000011
1111000010000100
1111000010000101
1111000010000110
1111000010000111
1111000010001000
1111000010001001
1111000010001010
1111000010001011
1111000010001100
1111000010001101
1111000010001110
1111000010001111
1111000010010000
1111000010010001
1111000010010010
1111000010010011
1111000010010100
1111000010010101
1111000010010110
1111000010010111
1111000010011000
1111000010011001
1111000010011010
1111000010011011
1111000010011100
1111000010011101
1111000010011110
1111000010011111
1111000010100000
1111000010100001
1111000010100010
1111000010100011
1111000010100100
1111000010100101
1111000010100110
1111000010100111
1111000010101000
1111000010101001
1111000010101010
1111000010101011
1111000010101100
1111000010101101
1111000010101110
1111000010101111
1111000010110000
1111000010110001
1111000010110010
1111000010110011
1111000010110100
1111000010110101
1111000010110110
1111000010110111
1111000010111000
1111000010111001
1111000010111010
1111000010111011
1111000010111100
1111000010111101
1111000010111110
1111000010111111
1111000011000000
1111000011000001
1111000011000010
1111000011000011
1111000011000100
1111000011000101
1111000011000110
1111000011000111
1111000011001000
1111000011001001
1111000011001010
1111000011001011
1111000011001100
1111000011001101
1111000011001110
1111000011001111
1111000011010000
1111000011010001
1111000011010010
1111000011010011
1111000011010100
1111000011010101
1111000011010110
1111000011010111
1111000011011000
1111000011011001
1111000011011010
1111000011011011
1111000011011100
1111000011011101
1111000011011110
1111000011011111
1111000011100000
1111000011100001
1111000011100010
1111000011100011
1111000011100100
