0000000100001011
0001000000000011
0000000000000000
0101010101010101
0000000000000000
0000000000000000
0000000000000000
0000000000000000
0000000000000010
0000000000000011
0000000000000101
0000000000000111
0000000000001011
0000000000001101
0000000000010001
0000000000010011
0000000000010111
0000000000011101
0000000000011111
0000000000100101
0000000000101001
0000000000101011
0000000000101111
0000000000110101
0000000000111011
0000000000111101
0000000001000011
0000000001000111
0000000001001001
0000000001001111
0000000001010011
0000000001011001
0000000001100001
0000000001100101
0000000001100111
0000000001101011
0000000001101101
0000000001110001
0000000001111111
0000000010000011
0000000010001001
0000000010001011
0000000010010101
0000000010010111
0000000010011101
0000000010100011
0000000010100111
0000000010101101
0000000010110011
0000000010110101
0000000010111111
0000000011000001
0000000011000101
0000000011000111
0000000011010011
0000000011011111
0000000011100011
0000000011100101
0000000011101001
0000000011101111
0000000011110001
0000000011111011
0000000100000001
0000000100000111
0000000100001101
0000000100001111
0000000100010101
0000000100011001
0000000100011011
0000000100100101
0000000100110011
0000000100110111
0000000100111001
0000000100111101
0000000101001011
0000000101010001
0000000101011011
0000000101011101
0000000101100001
0000000101100111
0000000101101111
0000000101110101
0000000101111011
0000000101111111
0000000110000101
0000000110001101
0000000110010001
0000000110011001
0000000110100011
0000000110100101
0000000110101111
0000000110110001
0000000110110111
0000000110111011
0000000111000001
0000000111001001
0000000111001101
0000000111001111
0000000111010011
0000000111011111
0000000111100111
0000000111101011
0000000111110011
0000000111110111
0000000111111101
0000001000001001
0000001000001011
0000001000011101