0000000100001011
0001000000000011
0000000000000000
0010010000000001
0000000000010000
0000000000001000
0001111111111111
0000000000010000
0000000000000000
0000000000000000
0000000000000000
0000000000000010
0000000000000011
0000000000000101
0000000000000111
0000000001000111
0000000001001001
0000000001001111
0000000001010011
0000000001011001
0000000001100001
0010010000000001
0000000001100111
0000000001101011
0000000001101101
0000000001110001
0000000001111111
0000000010000011
0000000010001001
0000000010001011
0000000010010101
0010010000000001
0000000010011101
0000000010100011
0001111111111111
0000000010101101
0000000010110011
0000000010110101
0000000010111111
0000000011000001
0000000011000101
0001111111111111
0000000011010011
0000000011011111
0000000011100011
0000000011100101
0000000011101001
0000000011101111
0010010000000001
0000000101100001
0000000000010000
0000000000000000
0000000000000000
0000000000000000
0000000000000010
0000000000000011
0000000000000101
0000000000000111
0000000000001011
0000000000001101
0000000000010001
0000000000010011
0000000000010111
0010010000000001
0000000000011111
0000000000100101
0000000000101001
0000000000101011
0000000100001011
0001000000000011
0000000000000000
0001111111111111
0000000000010000
0000000000000000
0000000000000000
0000000000000000
0000000000000010
0000000000000011
0000000000000101
0000000000000111
0000000001000111
0000000001001001
0000000001001111
0000000001010011
0000000001011001
0000000001100001
0001111111111111
0000000001100111
0000000001101011
0000000001101101
0000000001110001
0000000001111111
0000000010000011
0000000010001001
0000000010001011
0000000010010101
0000000010010111
0000000010011101
0000000010100011
0001111111111111
0000000010101101
0000000010110011
0000000010110101
0000000010111111
0000000011000001
0000000011000101
0001111111111111
0000000011010011